4253126168 3603943470 41841128
3150812716 3873122781 161556325
4132148538 3445929121 16652907
4071215062 2557593856 10373731
3585414898 2401284809 61555959
124617758 989226185 56063423
1311995731 916233018 72993167
180681181 891200267 25032751
1577315548 1448436684 231921083
69948934 1391916079 39397864
2730663795 3577458422 26485048
2453473122 3255362867 102306532
4148801445 3801350502 12292818
3002725397 3107275548 148087319
3525935437 3813643320 59479461
3982955340 3357669399 88259722
2631712351 2567967587 98951444
628324302 2038793089 109830184
3427245435 3721480891 3936914
796140554 1045289608 36965524
939693576 1140241200 24301167
205713932 1680357767 358435322
4161094263 2666919031 92031905
1103981621 0 206162329
1809236631 761213122 129987145
1310143950 1431313943 1851781
4081588793 3056715803 50559745
738154486 1082255132 57986068
564149254 206162329 64175048
3722667150 4034679106 260288190
3431182349 2462840768 94753088
109346798 1433165724 15270960
2757148843 2811139249 245576554
1044349135 2294919620 59632486
833106078 270337377 106587498
3646970857 3645784598 75696293
0 2354552106 4006979
1974270838 376924875 384288247
3312369041 3462582028 114876394
2401284809 2758950936 52188313
1384988898 1199589429 192326650
963994743 2214565228 80354392
1939223776 1164542367 35047062
4006979 2148623273 65941955
2555779654 3725417805 75932697