3752181853 3850028427 61847460
3392702182 4061054452 68370555
3610251302 4129425007 141930551
2019529001 2633762146 55812503
1423059901 2612524947 21237199
1637625157 3160312690 128493598
2109055159 2018596226 368399035
343891384 811352094 920120231
154347384 2422980947 189544000
2075341504 1978947609 33713655
1444297100 2966984633 193328057
35985686 2689574649 118361698
2477454194 0 811352094
1772053717 1854798742 124148867
1264011615 2807936347 159048286
0 2386995261 35985686
1766118755 2012661264 5934962
3814029313 3392702182 457326245
3461072737 3911875887 149178565
1896202584 1731472325 123326417