303672059 1087423328 103502353
171922589 2907629744 91556518
2064217168 468859004 91214014
1129888530 1046445685 40977643
3698610046 4215442249 79525047
1045870106 1586657152 41455160
1170866173 1322928302 17679660
4160148003 3332238470 107558461
4267706464 3853049576 27260832
0 3007612896 90771201
3447204990 3880310408 249339913
1189561657 1438888401 43309463
4019710828 3219712242 104981462
2226263856 2187322171 114088350
553216166 1847338068 182148047
3217647099 3439796931 229557891
2832115692 1482197864 23307900
867366834 94995931 178503272
1969221237 0 94995931
3785679859 3704810535 148239041
1095751900 2693816297 34136630
4124692290 3669354822 35455713
454935727 1340607962 98280439
2204466075 1628112312 21797781
1947833351 2164918461 21387886
2634687717 1649910093 197427975
263479107 2850768768 40192952
3696544903 3217647099 2065143
735364213 1190925681 132002621
3050783393 2337205982 47600704
1087325266 2999186262 8426634
3778135093 3324693704 7544766
2855423592 273499203 195359801
90771201 1505505764 81151388
2340352206 560073018 290906919
1531641800 939263745 107181940
1188545833 2186306347 1015824
1355686961 850979937 88283808
1492181516 2029486115 39460284
1638823740 2384806686 309009611
2155431182 2894390312 13239432
1443970769 2068946399 48210747
1232871120 2727952927 122815841
3933918900 4129650321 85791928
2631259125 2890961720 3428592
407174412 2117157146 47761315
2168670614 2301410521 35795461