3114211644 984440400 35385940
3530465412 479339778 128291026
0 3699707734 285474938
2898087648 3606829306 92878428
2762235329 607630804 135852319
4210792153 4197161772 84175143
3149597584 31394121 380867828
1848709689 0 31394121
1880103810 412261949 67077829
285474938 1579019790 1563234751
2990966076 3566305423 40523883
2434079297 1019826340 328156032
2371232521 3985182672 62846776
1947181639 3142254541 424050882
3899713715 1347982372 148315733
3031489959 1496298105 82721685
4197161772 4281336915 13630381
3658756438 743483123 240957277