3344602117 2991074372 262457649
1707309180 3911386116 383581180
3778482785 2130995124 374719434
3607059766 3253532021 171423019
584508486 478912361 161371970
1578590582 2505714558 128718598
3294145751 1806488186 50456366
1143023241 2829557603 161516769
1304540010 1856944552 274050572
2090890360 3424955040 344665999
2435556359 1143023241 663464945
496214964 1000471163 88293522
0 640284331 360186832
3099021304 2634433156 195124447
360186832 342884229 136028132
745880456 0 342884229
4153202219 3769621039 141765077