1553071310 2767299260 81555093
1638385137 3758734 7165416
3923895602 3742459208 355646104
2563492152 40550035 317968
357175543 151852464 53516575
756535305 2730597762 36701498
1142337672 1915537677 164067723
436470886 2848854353 61956232
1316538987 1679005354 102639946
609765571 2079605400 146769734
1306405395 2660382036 10133592
3817572860 3406157555 106322742
2023184953 353497588 62195869
3531543848 4223491605 71475691
410692118 126073696 25778768
4279541706 3727562743 14896465
2903607795 1495097536 74179449
1794747312 2279656479 95385933
2783150325 2269091374 10565105
3406157555 4098105312 125386293
2145462956 205369039 148128549
2833741244 2401175172 69866551
793236803 685594104 306384629
1645550553 2511185277 149196759
1419178933 1781645300 133892377
1634626403 0 3758734
3274934245 2471041723 36449164
0 1097896179 357175543
2563810120 991978733 105917446
4294438171 3727033618 529125
2688189328 1569276985 94960997
2669727566 2507490887 3694390
3311383409 10924150 29625885
1099621432 2226375134 42716240
1890133245 2910810585 133051708
583632811 2375042412 26132760
498427118 40868003 85205693
2293591505 415693457 269900647
2673421956 1664237982 14767372
2085380822 2670515628 60082134
3603019539 3512480297 214553321
2977787244 3043862293 297147001
2793715430 1455071722 40025814